
theta =

   0.69895
  -0.25312
  -0.52777
   0.12737
  -0.49359
   0.21431
  -0.41299
   0.24080
  -0.35540

error_train =

   0
   0
   0
   0
   0
   0
   0
   0
   0
   0
   0
   0

error_val =

   160.72190
     0.00000
     0.00000
     0.00000
     0.00000
     0.00000
     0.00000
     0.00000
     0.00000
     0.00000
     0.00000
     0.00000

Iteration     1 | Cost: 5.373343e-02